376.06
402.60
365.06
395.61
442.15
475.14
355.75
342.74
342.74
332.73
332.73
329.02
329.02
322.85
322.85
357.54
415.14
324.05
324.05
362.26
334.61
343.39
353.01
352.49
352.49
350.32
350.32
344.35
344.35
329.16
329.16
325.94
325.94
323.25
323.25
321.00
321.00
316.29
316.29
314.03
314.03
302.45
302.45
297.19
297.19
294.29
294.29
320.56
305.42
294.54
294.54
299.80
299.80
352.99
337.23
334.90
302.17
337.72
321.53
308.95
308.95
321.32
303.96
299.73
299.73
300.54
300.54
409.44
322.17
321.45
303.35
303.35
329.98
287.89
274.58
274.58
302.54
287.42
303.01
283.34
275.98
275.98
272.49
272.49
266.82
266.82
262.97
262.97
256.01
256.01
252.05
252.05
247.45
247.45
244.47
244.47
241.63
241.63
295.45
242.46
261.95
252.06
296.78
238.24
256.10
239.29
288.03
238.04
271.68
240.09
239.17
239.17
275.21
248.86
244.36
244.36
292.17
244.97
248.20
248.20
242.47
242.47
276.73
293.78
256.70
236.28
237.15
237.15
221.49
221.49
228.20
228.20
224.86
224.86
241.05
237.96
256.72
248.68
232.72
232.72
227.32
227.32
219.55
219.55
217.05
217.05
229.62
222.87
176.49
176.49
153.24
153.24
172.34
204.98
166.71
166.71
181.09
171.83
147.48
147.48
145.74
145.74
141.48
141.48
138.98
138.98
135.65
135.65
139.19
139.19
150.17
132.85
128.95
128.95
88.12
88.12
122.46
124.79
121.51
125.08
144.45
107.79
195.90
98.69
97.42
135.51
112.22
124.04
94.25
110.52
130.52
176.65
84.75
130.09
156.93
136.62
