128
128
128
128
128
128
128
128
128
128
128
128
128
128
128
128
128
112
112
112
112
112
112
112
112
112
112
112
112
112
112
112
112
112
112
112
112
112
112
112
112
112
112
112
112
112
112
112
112
112
112
112
112
96
112
128
144
144
144
144
144
144
144
144
144
144
144
144
144
144
128
128
128
128
128
128
128
128
128
128
128
128
128
128
128
128
128
128
128
128
128
128
128
128
128
128
128
128
128
128
128
128
112
128
128
128
128
128
128
128
112
112
96
112
112
112
112
112
96
96
96
96
96
96
96
96
80
80
64
64
48
48
48
48
48
48
48
48
32
32
32
32
32
32
32
32
32
32
16
16
16
16
16
16
16
16
16
16
16
16
16
16
16
16
16
16
16
16
16
16
16
16
16
16
16
16
16
16
16
16
16
16
16
16
16
16
16
16
16
16
16
16
16
16
16
16
