128
128
128
128
128
256
256
256
256
256
256
256
256
240
240
240
240
240
240
240
240
240
240
224
224
224
224
224
224
224
224
224
224
224
224
224
224
224
224
224
224
224
224
224
224
224
224
224
224
208
208
208
208
208
208
208
208
208
208
208
208
208
208
192
192
176
176
176
176
176
176
176
176
176
176
176
176
176
176
176
160
160
144
144
128
128
112
112
96
96
80
80
64
64
48
48
32
32
16
32
32
32
32
32
32
32
16
32
32
32
32
32
32
32
32
32
16
32
32
32
32
32
32
32
32
32
32
32
32
32
32
32
32
32
32
32
32
32
32
32
32
32
32
32
32
32
32
32
32
32
32
32
32
32
32
32
32
32
32
32
32
32
32
32
32
32
32
32
32
32
32
32
32
32
32
32
32
32
32
32
32
32
32
32
32
32
32
32
32
32
32
32
32
32
32
32
