1469.00
1572.67
1309.33
1310.67
1333.00
1317.67
747.00
728.33
728.33
714.67
714.67
717.00
717.00
714.33
714.33
817.67
954.67
726.67
726.67
816.00
748.67
775.33
787.00
796.33
796.33
802.67
802.67
800.67
800.67
776.33
776.33
780.00
780.00
785.33
785.33
792.33
792.33
793.00
793.00
801.00
801.00
780.67
780.67
779.00
779.00
785.33
785.33
899.67
824.00
804.00
804.00
829.00
829.00
999.00
935.33
913.67
814.67
900.33
855.00
838.33
838.33
906.67
820.00
822.33
822.33
846.00
846.00
1152.00
902.33
889.00
853.33
853.33
923.00
820.00
799.33
799.33
872.67
828.00
921.00
811.00
800.33
800.33
806.67
806.67
802.67
802.67
808.33
808.33
795.67
795.67
801.00
801.00
802.67
802.67
819.33
819.33
843.00
843.00
1584.33
851.67
915.00
876.67
1009.67
840.67
891.67
843.00
1522.67
830.00
931.33
835.33
843.00
843.00
956.33
869.33
868.67
868.67
1534.00
875.00
896.33
896.33
892.67
892.67
988.67
1016.00
916.00
860.33
876.67
876.67
843.00
843.00
879.33
879.33
880.00
880.00
927.67
910.33
943.00
915.67
877.33
877.33
874.67
874.67
866.33
866.33
870.00
870.00
911.67
884.00
729.33
729.33
682.00
682.00
741.00
811.33
726.33
726.33
777.00
739.67
685.67
685.67
691.00
691.00
689.33
689.33
693.00
693.00
694.33
694.33
719.67
719.67
775.33
697.67
697.33
697.33
552.67
552.67
693.67
696.33
693.67
683.33
760.67
622.00
953.67
593.33
590.67
722.00
646.67
695.33
578.00
630.67
715.67
906.00
537.67
701.33
810.00
732.67
