663.21
668.76
638.68
641.88
687.27
720.81
641.24
746.84
817.07
896.43
970.11
1048.41
938.24
994.39
957.06
977.24
968.58
1035.99
1275.43
1036.29
1048.98
1033.60
1026.17
1026.17
1022.75
1022.75
991.45
991.45
975.35
975.35
960.93
960.93
964.60
964.60
955.46
955.46
949.31
949.31
923.50
923.50
987.93
944.38
962.58
962.58
950.77
950.77
936.38
936.38
924.13
924.13
927.09
927.09
931.48
931.48
925.09
931.48
912.71
912.71
909.05
909.05
906.10
909.49
895.93
895.93
893.48
893.48
892.25
892.25
886.20
886.20
876.41
876.41
878.54
878.54
918.27
897.06
878.99
887.50
889.02
922.41
931.10
916.09
921.67
929.07
951.53
926.39
908.82
908.28
908.28
886.38
886.38
890.93
890.93
880.39
880.39
880.76
880.76
871.90
871.90
858.80
858.80
845.28
845.28
837.69
837.69
831.40
831.40
823.99
823.99
810.65
810.65
804.77
804.77
792.52
792.52
782.23
782.23
775.98
782.71
772.08
772.08
761.53
761.53
751.47
751.47
743.53
743.53
735.25
760.10
754.59
755.22
756.83
770.76
759.97
712.92
712.92
710.60
710.60
739.97
739.97
730.42
730.42
744.77
744.77
721.22
721.22
722.91
722.91
717.41
717.41
731.35
731.35
736.67
761.09
740.26
723.82
701.50
701.50
695.35
695.35
709.10
702.07
697.02
697.02
686.33
686.33
710.20
686.26
676.99
676.99
669.59
669.59
653.43
653.43
645.45
645.45
638.31
638.31
629.38
629.38
615.85
615.85
605.34
605.34
601.85
609.95
618.09
623.35
625.83
631.48
635.90
653.34
639.35
615.97
636.47
644.72
621.84
640.15
637.36
632.18
638.76
633.10
664.52
658.78
663.95
664.71
663.17
659.91
669.46
663.94
668.69
665.81
675.88
663.42
655.18
667.12
665.52
670.45
676.63
680.32
695.87
660.01
664.77
664.77
658.67
658.67
665.18
704.46
668.29
666.58
658.69
667.43
676.48
694.92
672.81
672.81
767.66
769.73
765.00
664.96
644.05
644.05
630.65
630.65
623.27
623.27
617.21
617.21
606.28
606.28
591.71
591.71
585.00
585.00
579.20
579.20
577.53
577.53
561.40
561.40
554.50
554.50
538.10
538.10
593.65
537.05
532.94
532.94
520.91
520.91
518.02
518.02
515.35
515.35
517.31
517.31
521.94
513.76
504.63
504.63
494.03
494.03
487.82
487.82
485.25
485.25
746.18
503.97
526.26
509.44
508.59
508.59
491.57
491.57
482.37
482.37
474.11
474.11
470.07
470.07
454.65
454.65
443.36
443.36
435.68
435.68
437.13
442.85
459.85
456.10
450.85
473.07
444.95
434.09
434.09
427.07
427.07
428.77
428.77
430.05
430.05
405.42
405.42
403.99
403.99
411.37
411.37
401.42
401.42
393.84
393.84
381.37
381.37
371.59
371.59
363.71
363.71
356.10
356.10
345.70
345.70
332.82
332.82
325.22
325.22
360.63
351.54
355.07
351.00
373.05
348.57
467.98
346.97
335.48
335.48
303.86
303.86
324.64
323.24
348.20
323.54
332.95
325.89
328.09
327.46
309.90
309.90
317.69
317.69
337.26
313.43
347.34
307.42
319.95
319.95
308.28
308.28
314.78
314.78
334.76
325.02
363.73
336.45
385.04
403.78
319.17
339.02
339.02
337.35
337.35
361.27
345.29
441.74
362.57
324.32
341.81
341.81
437.56
336.88
307.94
307.94
307.06
307.06
308.04
308.04
329.79
314.54
320.70
320.70
310.62
310.62
311.89
311.89
362.54
323.70
345.26
308.83
320.09
320.09
318.24
318.24
315.61
315.61
307.11
307.11
303.81
303.81
303.98
303.98
302.99
302.99
343.52
302.81
312.37
312.37
313.26
313.26
308.38
308.38
301.63
301.63
315.65
315.65
332.49
390.94
312.44
300.54
339.59
381.50
349.42
332.30
303.39
279.92
356.70
285.35
347.19
320.77
303.45
329.06
336.31
288.32
382.73
290.93
