2.00
2.00
2.00
2.00
2.00
2.00
4.00
4.00
4.00
4.00
4.00
4.00
6.00
8.00
8.00
8.00
8.00
8.00
8.00
8.00
8.00
8.00
8.00
8.00
8.00
8.00
7.75
7.75
7.75
7.75
7.75
7.75
7.75
7.75
7.75
7.75
7.75
7.75
7.50
7.50
7.25
7.50
7.50
7.50
7.50
7.50
7.50
7.50
7.50
7.50
7.50
7.50
7.50
7.50
7.50
7.50
7.50
7.50
7.50
7.50
7.50
7.50
7.50
7.50
7.50
7.50
7.50
7.50
7.50
7.50
7.50
7.50
7.50
7.50
7.50
7.50
7.50
7.50
7.50
7.50
7.50
7.50
7.50
7.50
7.50
7.25
7.50
7.50
7.50
7.50
7.50
7.50
7.50
7.50
7.50
7.50
7.50
7.50
7.50
7.50
7.50
7.50
7.50
7.50
7.50
7.50
7.50
7.50
7.50
7.50
7.50
7.50
7.50
7.50
7.50
7.50
7.50
7.50
7.50
7.50
7.50
7.50
7.50
7.50
7.50
7.50
7.50
7.50
7.50
7.50
7.50
7.50
7.50
7.50
7.50
7.50
7.50
7.50
7.50
7.50
7.50
7.50
7.50
7.50
7.50
7.50
7.50
7.50
7.25
7.25
7.00
7.00
7.00
7.00
7.00
7.00
7.00
7.00
7.00
7.00
7.00
7.00
7.00
7.00
7.00
7.00
7.00
7.00
7.00
7.00
7.00
7.00
7.00
7.00
7.00
7.00
7.00
7.00
7.00
7.00
7.00
7.00
7.00
7.00
7.00
7.00
7.00
7.00
7.00
7.00
7.00
7.00
7.00
7.00
7.00
7.00
7.00
7.00
7.00
7.00
6.75
7.00
7.00
7.00
7.00
7.00
7.00
7.00
7.00
7.00
7.00
7.00
7.00
7.00
7.00
7.00
7.00
7.00
7.00
7.00
7.00
7.00
7.00
7.00
7.00
7.00
7.00
7.00
7.00
7.00
7.00
7.00
7.00
7.00
6.75
6.75
6.75
6.75
6.75
6.75
6.75
6.75
6.75
6.75
6.75
6.75
6.75
6.75
6.75
6.75
6.75
6.75
6.75
6.75
6.75
6.75
6.75
6.75
6.75
6.75
6.75
6.75
6.75
6.75
6.75
6.75
6.75
6.75
6.75
6.75
6.75
6.75
6.75
6.75
6.75
6.75
6.75
6.75
6.75
6.75
6.75
6.75
6.75
6.75
6.75
6.75
6.75
6.75
6.75
6.75
6.75
6.75
6.75
6.75
6.75
6.75
6.75
6.75
6.75
6.75
6.75
6.75
6.75
6.75
6.75
6.75
6.75
6.75
6.50
6.75
7.00
7.00
7.00
7.00
7.00
7.00
7.00
7.00
7.00
7.00
7.00
7.00
7.00
7.00
7.00
7.00
7.00
7.00
7.00
7.00
7.00
7.00
7.00
7.00
7.00
7.00
7.00
7.00
7.00
7.00
7.00
7.00
7.00
7.00
7.00
6.75
7.00
7.00
7.00
7.00
7.00
7.00
7.00
7.00
7.00
6.75
6.75
6.50
6.75
6.75
6.75
6.75
6.75
6.75
6.75
6.50
6.50
6.25
6.25
6.25
6.25
6.25
6.25
6.25
6.25
6.00
6.00
5.75
5.75
5.75
5.75
5.50
5.75
5.75
5.75
5.75
5.50
5.50
5.50
5.50
5.50
5.50
5.25
5.50
5.75
5.75
5.75
5.50
5.75
5.75
5.75
5.75
5.75
5.75
5.75
5.50
5.75
5.75
5.75
5.75
5.75
5.75
5.75
5.75
5.75
5.75
5.75
5.75
5.75
5.75
5.75
5.75
5.75
5.75
5.75
5.75
5.75
5.75
5.75
5.75
5.75
5.75
5.75
5.75
5.75
5.75
5.75
5.75
5.75
5.75
5.75
5.75
5.75
5.75
5.75
5.75
5.75
5.75
5.75
5.75
5.75
5.75
5.75
5.75
5.75
5.75
5.75
5.75
5.75
5.75
5.75
5.75
5.75
