128
128
128
128
128
128
128
256
256
256
256
256
256
256
256
256
256
256
256
256
256
256
256
256
256
256
256
256
240
240
240
240
240
240
240
240
240
240
240
240
240
240
224
224
224
224
224
224
224
224
224
224
224
224
224
224
224
224
224
224
224
224
224
224
224
224
224
224
224
224
224
224
224
224
224
224
224
224
224
224
224
224
224
224
224
224
224
208
208
208
208
208
208
208
208
208
208
208
208
208
208
208
208
208
208
208
208
208
208
208
208
208
208
208
208
208
208
208
208
208
208
208
208
208
208
208
208
208
208
208
208
208
208
208
208
208
208
208
208
208
208
208
208
208
208
208
208
208
208
208
208
208
192
208
224
240
240
240
240
240
240
240
240
240
240
240
240
240
240
240
240
240
240
240
240
240
240
240
240
240
240
240
240
240
240
240
240
240
240
240
240
240
240
240
240
240
240
240
240
240
240
240
224
240
256
272
272
272
272
272
272
272
272
272
272
272
272
272
272
272
272
272
272
272
272
272
272
272
272
272
272
272
272
272
272
272
256
272
288
304
304
304
304
304
304
304
304
304
304
304
304
304
304
304
304
304
304
304
304
304
304
304
304
304
304
304
304
304
304
304
304
304
304
304
304
304
304
304
304
304
304
304
304
304
304
304
304
304
304
304
304
304
304
304
304
304
304
304
304
304
304
304
304
304
304
304
304
304
304
304
304
304
304
304
304
304
304
304
304
304
304
304
304
304
304
304
304
304
304
304
304
304
304
304
304
304
304
304
304
304
304
304
304
304
304
304
304
304
304
304
304
304
304
304
304
304
304
304
304
304
304
304
304
304
304
304
304
304
304
304
304
304
304
304
304
304
304
304
304
304
304
304
304
304
304
304
304
304
304
304
304
304
304
304
304
304
304
304
304
304
304
304
304
304
304
304
304
304
304
304
304
304
304
304
304
304
304
304
304
304
304
304
304
304
304
304
304
304
304
304
304
304
304
304
304
304
304
304
304
304
304
304
304
304
304
304
304
304
304
304
304
304
304
304
304
304
304
304
304
304
304
304
304
