2590.67
2612.33
2385.67
2337.33
2359.00
2346.67
1932.67
2087.33
2061.67
2066.67
2048.00
2047.67
1803.33
1857.00
1764.67
1778.00
1755.33
1739.67
2013.00
1740.00
1755.67
1737.00
1731.67
1731.67
1734.33
1734.33
1696.33
1696.33
1677.33
1677.33
1669.33
1669.33
1690.67
1690.67
1692.00
1692.00
1699.67
1699.67
1666.33
1666.33
1759.67
1695.33
1723.67
1723.67
1720.00
1720.00
1711.67
1711.67
1706.67
1706.67
1729.33
1729.33
1749.00
1749.00
1756.67
1749.00
1730.00
1730.00
1743.33
1743.33
1759.33
1744.33
1725.33
1725.33
1730.67
1730.67
1739.33
1739.33
1736.67
1736.67
1724.00
1724.00
1742.67
1742.67
1789.00
1763.33
1742.00
1752.67
1753.00
1787.67
1795.00
1785.00
1777.67
1774.00
1796.67
1763.33
1736.00
1737.00
1737.00
1715.33
1715.33
1741.00
1741.00
1725.33
1725.33
1740.67
1740.67
1743.00
1743.00
1735.33
1735.33
1726.00
1726.00
1731.33
1731.33
1740.67
1740.67
1747.67
1747.67
1737.67
1737.67
1750.00
1750.00
1742.67
1742.67
1741.33
1741.33
1754.67
1743.00
1740.33
1740.33
1737.67
1737.67
1736.67
1736.67
1745.00
1745.00
1753.00
1819.00
1749.67
1767.33
1756.33
1781.33
1737.00
1688.33
1688.33
1687.00
1687.00
1721.00
1721.00
1712.00
1712.00
1730.33
1730.33
1704.33
1704.33
1726.00
1726.00
1719.67
1719.67
1742.67
1742.67
1753.33
1788.00
1753.67
1727.33
1702.00
1702.00
1708.67
1708.67
1758.67
1722.67
1722.00
1722.00
1719.00
1719.00
1881.67
1718.67
1722.00
1722.00
1735.67
1735.67
1702.00
1702.00
1712.67
1712.67
1731.67
1731.67
1741.33
1741.33
1712.67
1712.67
1706.00
1706.00
1784.33
1754.00
1732.67
1762.67
1754.67
1756.00
1754.00
1776.67
1758.00
1729.33
1754.67
1762.00
1734.33
1794.67
1766.67
1735.67
1747.33
1737.00
1785.67
1774.33
1779.00
1777.33
1794.33
1767.67
1767.67
1766.67
1765.67
1745.67
1956.67
1724.33
1741.00
1757.33
1765.67
1765.67
1768.67
1765.67
1785.00
1743.00
1749.67
1749.67
1744.00
1744.00
1753.00
1797.00
1753.67
1750.33
1753.67
1752.00
1751.00
1767.33
1738.67
1738.67
1878.67
1876.33
1864.67
1724.00
1703.00
1703.00
1695.33
1695.33
1699.33
1699.33
1706.33
1706.33
1703.33
1703.33
1692.00
1692.00
1698.00
1698.00
1706.67
1706.67
1726.33
1726.33
1710.00
1710.00
1717.33
1717.33
1698.33
1698.33
1891.67
1695.33
1697.33
1697.33
1679.67
1679.67
1684.33
1684.33
1690.00
1690.00
1709.33
1709.33
1865.67
1677.67
1685.33
1685.33
1677.67
1677.67
1672.00
1672.00
1670.33
1670.33
1979.33
1692.00
1720.00
1698.33
1723.67
1723.67
1701.00
1701.00
1701.67
1701.67
1705.67
1705.67
1725.67
1725.67
1703.67
1703.67
1696.00
1696.00
1703.33
1703.33
1755.67
1735.33
1760.67
1753.33
1744.33
1899.00
1718.00
1701.00
1701.00
1694.33
1694.33
1715.67
1715.67
1719.00
1719.00
1691.33
1691.33
1691.00
1691.00
1701.67
1701.67
1699.67
1699.67
1709.67
1709.67
1693.67
1693.67
1691.33
1691.33
1701.67
1701.67
1716.67
1716.67
1711.00
1711.00
1677.67
1677.67
1697.00
1697.00
1747.00
1732.00
1935.00
1725.33
1819.67
1717.33
1871.33
1715.33
1702.33
1702.33
1662.00
1662.00
1692.67
1688.33
1792.33
1689.33
1703.00
1692.33
1696.67
1694.33
1672.33
1672.33
1685.33
1685.33
1770.67
1671.33
1717.00
1663.67
1681.33
1681.33
1666.67
1666.67
1678.33
1678.33
1706.67
1691.67
1753.00
1708.67
1775.33
1796.33
1684.67
1717.67
1717.67
1717.00
1717.00
1750.33
1727.33
1881.67
1753.67
1692.67
1717.67
1717.67
1866.33
1710.33
1673.33
1673.33
1673.67
1673.67
1676.67
1676.67
1712.33
1686.33
1697.00
1697.00
1684.00
1684.00
1687.67
1687.67
1768.67
1705.67
1741.67
1683.00
1702.33
1702.33
1701.67
1701.67
1699.67
1699.67
1687.67
1687.67
1684.00
1684.00
1686.33
1686.33
1686.67
1686.67
1765.67
1686.33
1706.67
1706.67
1711.33
1711.33
1704.67
1704.67
1693.67
1693.67
1726.67
1726.67
1782.00
1834.00
1711.33
1741.67
1774.00
1860.33
1802.00
1766.67
1693.67
1674.67
1804.67
1675.33
1775.00
1765.67
1721.67
1772.33
1779.33
1672.33
1820.67
1695.67
