2.00
2.00
4.00
4.00
4.00
4.00
4.00
4.00
4.00
4.00
4.00
4.00
4.00
4.00
6.00
8.00
8.00
8.00
7.75
8.00
8.00
8.00
8.00
8.00
8.00
8.00
8.00
8.00
8.00
8.00
8.00
8.00
8.00
8.00
8.00
8.00
8.00
8.00
8.00
8.00
8.00
8.00
8.00
8.00
8.00
8.00
8.00
8.00
8.00
8.00
8.00
8.00
8.00
8.00
8.00
8.00
8.00
8.00
8.00
8.00
8.00
8.00
8.00
8.00
8.00
8.00
8.00
8.00
8.00
8.00
8.00
8.00
8.00
8.00
7.75
8.00
8.25
8.25
8.25
8.25
8.25
8.25
8.25
8.25
8.25
8.25
8.25
8.25
8.25
8.25
8.25
8.25
8.25
8.25
8.25
8.25
8.25
8.25
8.25
8.25
8.25
8.25
8.25
8.25
8.25
8.25
8.25
8.25
8.25
8.25
8.25
8.25
8.25
8.25
8.25
8.25
8.25
8.25
8.25
8.25
8.25
8.25
8.25
8.25
8.25
8.25
8.25
8.25
8.25
8.25
8.25
8.25
8.25
8.25
8.00
8.00
7.75
7.75
7.50
7.50
7.50
7.50
7.50
7.50
7.50
7.50
7.50
7.50
7.50
7.50
7.50
7.50
7.50
7.50
7.50
7.50
7.50
7.50
7.50
7.50
7.50
7.50
7.50
7.50
7.50
7.50
7.50
7.50
7.50
7.50
7.50
7.50
7.50
7.50
7.50
7.50
7.50
7.50
7.50
7.50
7.50
7.50
7.50
7.50
7.50
7.50
7.50
7.50
7.50
7.50
7.50
7.25
7.50
7.75
7.75
7.75
7.75
7.75
7.75
7.75
7.75
7.75
7.75
7.75
7.75
7.75
7.75
7.75
7.75
7.75
7.75
7.75
7.75
7.75
7.75
7.75
7.75
7.75
7.75
7.75
7.50
7.75
7.75
7.75
7.75
7.75
7.75
7.75
7.75
7.75
7.75
7.75
7.75
7.75
7.75
7.75
7.75
7.75
7.75
7.75
7.75
7.75
7.75
7.75
7.75
7.75
7.75
7.75
7.75
7.75
7.75
7.75
7.75
7.75
7.75
7.75
7.75
7.75
7.75
7.75
7.75
7.75
7.75
7.75
7.75
7.75
7.75
7.75
7.75
7.75
7.75
7.75
7.75
7.75
7.75
7.75
7.75
7.75
7.75
7.75
7.75
7.75
7.50
7.50
7.25
7.25
7.00
7.25
7.25
7.25
7.25
7.25
7.25
7.25
7.25
7.25
7.25
7.25
7.25
7.25
7.25
7.25
7.25
7.25
7.25
7.25
7.25
7.25
7.25
7.25
7.25
7.25
7.25
7.25
7.25
7.25
7.25
7.25
7.25
7.00
7.00
7.00
7.00
7.00
7.00
7.00
7.00
7.00
7.00
7.00
7.00
7.00
7.00
7.00
7.00
7.00
7.00
7.00
7.00
7.00
7.00
7.00
7.00
7.00
7.00
7.00
7.00
7.00
7.00
7.00
7.00
6.75
7.00
7.00
7.00
7.00
7.00
7.00
7.00
7.00
7.00
6.75
7.00
7.00
7.00
7.00
7.00
7.00
7.00
7.00
7.00
6.75
7.00
7.00
7.00
7.00
7.00
7.00
7.00
7.00
7.00
7.00
7.00
7.00
7.00
7.00
7.00
7.00
7.00
7.00
7.00
7.00
7.00
7.00
7.00
7.00
7.00
7.00
7.00
7.00
7.00
7.00
7.00
7.00
7.00
7.00
7.00
7.00
7.00
7.00
7.00
7.00
7.00
7.00
7.00
7.00
7.00
7.00
7.00
7.00
7.00
7.00
7.00
7.00
7.00
7.00
7.00
7.00
7.00
7.00
7.00
7.00
7.00
7.00
7.00
7.00
7.00
7.00
7.00
7.00
7.00
7.00
7.00
7.00
7.00
7.00
7.00
7.00
7.00
7.00
7.00
7.00
7.00
7.00
7.00
7.00
7.00
7.00
7.00
7.00
7.00
7.00
7.00
